
Saved Coefficients
Right eye
	x : -151.702651,47.472262,-2.945233,-0.022644,0.000000,-0.006202,-0.413308,0.000000,0.000344
	y : -762.554205,0.000000,48.894347,0.000000,-0.316895,0.013218,-0.153899,0.015761,-0.000632
Left eye
	x : -279.519373,44.260554,0.000000,-0.225126,-0.072229,0.002910,-0.175871,0.000000,-0.000065
	y : -729.184299,-2.254744,42.577599,0.027648,-0.092597,0.000000,0.000000,0.014740,-0.000629
Saved Coefficients
Right eye
	x : -214.056855,50.712413,6.372726,0.000000,-0.273809,0.000000,-0.581374,-0.026529,0.001307
	y : -924.971997,14.783941,64.106564,0.000000,-0.669700,0.038001,-1.401696,0.000000,0.000081
Left eye
	x : -274.241269,44.664452,-1.260643,-0.172251,-0.045910,0.001008,-0.232425,0.000000,0.000000
	y : -711.096884,0.000000,38.767047,-0.139635,0.000000,0.011478,-0.350717,0.037750,-0.001273
Saved Coefficients
Right eye
	x : -570.320380,41.408412,49.675484,1.694936,-1.504095,0.000000,0.000000,-0.204408,0.005483
	y : 290.368118,-66.411651,-96.610785,0.000000,4.142959,-0.337200,9.767694,0.000000,0.002110
Left eye
	x : -253.219715,47.413986,-4.328856,-0.213638,0.078050,0.000000,-0.478333,0.006352,0.000000
	y : -786.593092,0.000000,48.434648,0.000000,-0.302124,0.024428,-0.545548,0.028168,-0.001268
Saved Coefficients
Right eye
	x : -174.259844,49.870792,0.000000,-0.156759,-0.116907,-0.003656,-0.526034,0.000000,0.000628
	y : -871.716431,12.272801,60.255421,0.000000,-0.587449,0.035656,-1.201963,0.000000,0.000074
Left eye
	x : -259.114667,43.004672,-2.668350,-0.176539,0.000000,0.002661,-0.191522,0.000000,-0.000076
	y : -759.458309,0.000000,44.235324,0.000000,-0.163538,0.007376,-0.202425,0.015480,-0.000691
Saved Coefficients
Right eye
	x : -184.468312,49.728898,0.000000,0.000000,-0.096590,-0.004495,-0.495213,-0.011188,0.000851
	y : -911.624740,11.649417,65.713178,0.000000,-0.719090,0.032628,-1.116988,0.000785,0.000000
Left eye
	x : -261.053454,48.501415,-1.166607,-0.422064,0.000000,0.000000,-0.461919,0.021236,-0.000324
	y : -775.990924,0.000000,47.162758,0.000000,-0.263777,0.019698,-0.441033,0.023962,-0.001103
Saved Coefficients
Right eye
	x : -132.657979,48.772473,-5.282017,-0.251046,0.052992,0.000000,-0.508029,0.016495,0.000000
	y : -740.726649,0.000000,47.970807,0.000000,-0.292419,0.014611,-0.173920,0.016506,-0.000679
Left eye
	x : -291.945293,45.105414,2.364963,-0.268736,-0.123420,0.004211,-0.257057,0.000000,0.000000
	y : -713.833837,0.000000,38.915349,-0.140330,0.000000,0.003166,-0.177019,0.030879,-0.000967
Saved Coefficients
Right eye
	x : -350.867590,59.033722,-5.192777,-0.047065,0.176837,0.003210,-0.372188,0.000000,0.000000
	y : -677.363417,0.000000,72.416778,0.000000,-0.909923,0.037272,-0.575564,0.032422,-0.001860
Left eye
	x : -548.675881,58.523694,6.757538,-0.053989,-0.207840,0.000000,0.000000,-0.018752,-0.000379
	y : -607.622533,0.000000,63.438429,0.000000,-0.493484,0.044113,-0.919067,0.044963,-0.002685
Saved Coefficients
Right eye
	x : -127.478275,80.499824,-10.587787,-5.674555,0.000000,0.217559,-0.960150,0.051694,0.000000
	y : -626.309606,-0.447308,68.882128,0.233762,-0.831926,0.000000,0.000000,-0.065477,0.003667
Left eye
	x : -338.035147,95.729761,-6.781183,-6.488637,0.000000,0.195687,0.000000,0.075804,-0.004903
	y : -593.880376,0.000000,62.142438,-0.041848,-0.331744,0.000000,-0.290700,0.016427,-0.000823
Saved Coefficients
Right eye
	x : -144.542804,29.470601,25.964637,0.000000,-1.242339,0.044626,1.786493,-0.082086,0.000000
	y : 247.114616,19.246086,-125.572982,-2.134833,7.773862,0.000000,-3.352811,0.281988,0.000000
Left eye
	x : -220.600675,47.816726,16.570574,1.515623,-0.565930,0.000000,0.000000,-0.321239,0.014795
	y : -490.821036,0.000000,5.072544,2.401814,1.813292,-0.029726,0.000000,-0.512594,0.026407
Saved Coefficients
Right eye
	x : -146.011578,25.492307,21.013381,0.000000,-0.948833,0.065739,1.862658,-0.091627,0.000000
	y : 242.522559,61.755686,-126.643292,0.000000,7.673943,0.404412,-12.103628,0.000000,0.008028
Left eye
	x : -115.004405,41.673029,2.333850,0.000000,0.000000,0.023027,0.186870,-0.103522,0.006965
	y : -624.393569,0.000000,25.045656,3.261635,1.077134,0.000000,-0.478795,-0.622682,0.029809
Saved Coefficients
Right eye
	x : -443.675410,28.730795,77.770731,0.392857,-3.575114,0.000000,2.334765,-0.085325,0.000000
	y : 82.151637,8.611895,-101.944119,0.000000,7.014898,-0.170319,0.000000,-0.178492,0.019439
Left eye
	x : -91.767754,42.787800,0.000000,0.000000,0.088600,0.013167,0.223497,-0.091789,0.006319
	y : -345.756821,0.000000,-21.789155,1.737736,2.921591,-0.029910,0.000000,-0.394467,0.022227
Saved Coefficients
Right eye
	x : 94.273263,25.721880,-28.231144,0.000000,1.285850,0.121072,1.549434,-0.158881,0.000000
	y : 291.313350,-18.810024,-165.014538,-14.952814,10.697825,0.000000,0.000000,3.266189,-0.150769
Left eye
	x : -109.582009,40.176371,0.000000,-0.562567,0.078686,0.028027,0.344023,0.000000,0.002340
	y : -67.764569,0.000000,-68.458919,0.000000,4.577095,-0.064324,0.413122,-0.151789,0.015608
Saved Coefficients
Right eye
	x : 0.000000,0.000000,0.000000,0.000000,0.000000,0.000000,0.000000,0.000000,0.000000
	y : 0.000000,0.000000,0.000000,0.000000,0.000000,0.000000,0.000000,0.000000,0.000000
Left eye
	x : 0.000000,0.000000,0.000000,0.000000,0.000000,0.000000,0.000000,0.000000,0.000000
	y : 0.000000,0.000000,0.000000,0.000000,0.000000,0.000000,0.000000,0.000000,0.000000
Saved Coefficients
Right eye
	x : 0.000000,0.000000,0.000000,0.000000,0.000000,0.000000,0.000000,0.000000,0.000000
	y : 0.000000,0.000000,0.000000,0.000000,0.000000,0.000000,0.000000,0.000000,0.000000
Left eye
	x : 0.000000,0.000000,0.000000,0.000000,0.000000,0.000000,0.000000,0.000000,0.000000
	y : 0.000000,-nan,0.000000,0.000000,0.000000,0.000000,0.000000,0.000000,0.000000
Saved Coefficients
Right eye
	x : 0.000000,0.000000,0.000000,0.000000,0.000000,0.000000,0.000000,0.000000,0.000000
	y : 0.000000,0.000000,0.000000,0.000000,0.000000,0.000000,0.000000,0.000000,0.000000
Left eye
	x : 0.000000,0.000000,0.000000,0.000000,0.000000,0.000000,0.000000,0.000000,0.000000
	y : 0.000000,0.000000,0.000000,0.000000,0.000000,0.000000,0.000000,0.000000,0.000000
Saved Coefficients
Right eye
	x : 0.000000,0.000000,0.000000,0.000000,0.000000,0.000000,0.000000,0.000000,0.000000
	y : 0.000000,0.000000,0.000000,0.000000,0.000000,0.000000,0.000000,0.000000,0.000000
Left eye
	x : 0.000000,0.000000,0.000000,0.000000,0.000000,0.000000,0.000000,0.000000,0.000000
	y : 0.000000,-nan,0.000000,0.000000,0.000000,0.000000,0.000000,0.000000,0.000000
Saved Coefficients
Right eye
	x : 0.000000,0.000000,0.000000,0.000000,0.000000,0.000000,0.000000,0.000003,0.000000
	y : 0.000000,0.000000,0.000000,0.000000,0.000000,0.000000,0.000000,0.000000,0.000000
Left eye
	x : 0.000000,0.000000,0.000003,0.000000,0.000000,0.000000,0.000000,0.000000,0.000000
	y : 0.000000,0.000000,0.000000,0.000000,0.000000,0.000000,0.000000,0.000000,0.000000
Saved Coefficients
Right eye
	x : 0.000000,0.000000,0.000000,0.000000,0.000000,0.000000,0.000000,0.000003,0.000000
	y : 0.000000,0.000000,0.000000,0.000000,0.000000,0.000000,0.000000,0.000000,0.000000
Left eye
	x : 0.000000,0.000000,0.000003,0.000000,0.000000,0.000000,0.000000,0.000000,0.000000
	y : 0.000000,0.000000,0.000000,0.000000,0.000000,0.000000,0.000000,0.000000,0.000000
Saved Coefficients
Right eye
	x : 0.000000,0.000000,0.000000,0.000000,0.000000,0.000000,0.000000,0.000003,0.000000
	y : 0.000000,0.000000,0.000000,0.000000,0.000000,0.000000,0.000000,0.000000,0.000000
Left eye
	x : 0.000000,0.000000,0.000003,0.000000,0.000000,0.000000,0.000000,0.000000,0.000000
	y : 0.000000,0.000000,0.000000,0.000000,0.000000,0.000000,0.000000,0.000000,0.000000
Saved Coefficients
Right eye
	x : 0.000000,0.000000,0.000000,0.000000,0.000000,0.000000,0.000000,0.000000,0.000000
	y : 0.000000,0.000000,0.000000,0.000000,0.000000,0.000000,0.000000,0.000000,0.000000
Left eye
	x : 0.000000,0.000000,0.000000,0.000000,0.000000,0.000000,0.000000,0.000000,0.000000
	y : 0.000000,0.000000,0.000000,0.000000,0.000000,0.000000,0.000000,0.000000,0.000000
Saved Coefficients
Right eye
	x : 0.000000,0.000000,0.000000,0.000000,0.000000,0.000000,0.000000,0.000000,0.000000
	y : 0.000000,0.000000,0.000000,0.000000,0.000000,0.000000,0.000000,0.000000,0.000000
Left eye
	x : 0.000000,0.000000,0.000000,0.000000,0.000000,0.000000,0.000000,0.000000,0.000000
	y : 0.000000,0.000000,0.000000,0.000000,0.000000,0.000000,0.000000,0.000000,0.000000
Saved Coefficients
Right eye
	x : 0.000000,0.000000,0.000000,0.000000,0.000000,0.000000,0.000000,0.000000,0.000000
	y : 0.000000,0.000000,0.000000,0.000000,0.000000,0.000000,0.000000,0.000000,0.000000
Left eye
	x : 0.000000,0.000000,0.000000,0.000000,0.000000,0.000000,0.000000,0.000000,0.000000
	y : 0.000000,-nan,0.000000,0.000000,0.000000,0.000000,0.000000,0.000000,0.000000
Saved Coefficients
Right eye
	x : 0.000000,0.000000,0.000000,0.000000,0.000000,0.000000,0.000000,0.000000,0.000000
	y : 0.000000,0.000000,0.000000,0.000000,0.000000,0.000000,0.000000,0.000000,0.000000
Left eye
	x : 0.000000,0.000000,0.000000,0.000000,0.000000,0.000000,0.000000,0.000000,0.000000
	y : 0.000000,0.000000,0.000000,0.000000,0.000000,0.000000,0.000000,0.000000,0.000000
Saved Coefficients
Right eye
	x : 0.000000,0.000000,0.000000,0.000000,0.000000,-nan,0.000000,0.000000,0.000000
	y : 0.000000,0.000000,0.000000,0.000000,0.000000,0.000000,0.000000,0.000000,0.000000
Left eye
	x : 0.000000,0.000000,0.000000,0.000000,0.000000,0.000000,0.000000,0.000000,0.000000
	y : 0.000000,0.000000,0.000000,0.000000,0.000000,0.000000,-nan,0.000000,0.000000
Saved Coefficients
Right eye
	x : 0.000000,0.000000,0.000000,0.000000,0.000000,0.000000,0.000000,0.000000,0.000000
	y : 0.000000,0.000000,0.000000,0.000000,0.000000,0.000000,0.000000,0.000000,0.000000
Left eye
	x : 0.000000,0.000000,0.000000,0.000000,0.000000,0.000000,0.000000,0.000000,0.000000
	y : 0.000000,0.000000,0.000000,0.000000,0.000000,0.000000,0.000000,0.000000,0.000000
Saved Coefficients
Right eye
	x : 0.000000,0.000000,0.000000,0.000000,0.000000,0.000000,0.000000,0.000000,0.000000
	y : 0.000000,0.000000,0.000000,0.000000,0.000000,0.000000,0.000000,0.000000,0.000000
Left eye
	x : 0.000000,0.000000,0.000000,0.000000,0.000000,0.000000,0.000000,0.000000,0.000000
	y : 0.000000,0.000000,0.000000,0.000000,0.000000,0.000000,0.000000,0.000000,0.000000
Saved Coefficients
Right eye
	x : 0.000000,0.000000,0.000000,0.000000,0.000000,0.000000,0.000000,0.000000,0.000000
	y : 0.000000,0.000000,0.000000,0.000000,0.000000,0.000000,0.000000,0.000000,0.000000
Left eye
	x : 0.000000,0.000000,0.000000,0.000000,0.000000,0.000000,0.000000,0.000000,0.000000
	y : 0.000000,0.000000,0.000000,0.000000,0.000000,0.000000,0.000000,0.000000,0.000000
Saved Coefficients
Right eye
	x : 0.000000,0.000000,0.000000,0.000000,0.000000,0.000000,0.000000,0.000000,0.000000
	y : 0.000000,0.000000,0.000000,0.000000,0.000000,0.000000,0.000000,0.000000,0.000000
Left eye
	x : 0.000000,0.000000,0.000000,0.000000,0.000000,0.000000,0.000000,0.000000,0.000000
	y : 0.000000,0.000000,0.000000,0.000000,0.000000,0.000000,0.000000,0.000000,0.000000
Saved Coefficients
Right eye
	x : 0.000000,0.000000,0.000000,0.000000,0.000000,0.000000,0.000000,0.000003,0.000000
	y : 0.000000,0.000000,0.000000,0.000000,0.000000,0.000000,0.000000,0.000000,0.000000
Left eye
	x : 0.000000,0.000000,0.000003,0.000000,0.000000,0.000000,0.000000,0.000000,0.000000
	y : 0.000000,0.000000,0.000000,0.000000,0.000000,0.000000,0.000000,0.000000,0.000000
Saved Coefficients
Right eye
	x : 0.000000,0.000000,0.000000,0.000000,0.000000,0.000000,0.000000,0.000000,0.000000
	y : 0.000000,0.000000,0.000000,0.000000,0.000000,0.000000,0.000000,0.000000,0.000000
Left eye
	x : 0.000000,0.000000,0.000000,0.000000,0.000000,0.000000,0.000000,0.000000,0.000000
	y : 0.000000,-nan,0.000000,0.000000,0.000000,0.000000,0.000000,0.000000,0.000000
Saved Coefficients
Right eye
	x : 0.000000,0.000000,0.000000,0.000000,0.000000,0.000000,0.000000,0.000000,0.000000
	y : 0.000000,0.000000,0.000000,0.000000,0.000000,0.000000,0.000000,0.000000,0.000000
Left eye
	x : 0.000000,0.000000,0.000000,0.000000,0.000000,0.000000,0.000000,0.000000,0.000000
	y : 0.000000,0.000000,0.000000,0.000000,0.000000,0.000000,0.000000,0.000000,0.000000
Saved Coefficients
Right eye
	x : 0.000000,0.000000,0.000000,0.000000,0.000000,0.000000,0.000000,0.000000,0.000000
	y : 0.000000,0.000000,0.000000,0.000000,0.000000,0.000000,0.000000,0.000000,0.000000
Left eye
	x : 0.000000,0.000000,0.000000,0.000000,0.000000,0.000000,0.000000,0.000000,0.000000
	y : 0.000000,0.000000,0.000000,0.000000,0.000000,0.000000,0.000000,0.000000,0.000000
Saved Coefficients
Right eye
	x : 0.000000,0.000000,0.000000,0.000000,0.000000,0.000000,0.000000,0.000000,0.000000
	y : 0.000000,0.000000,0.000000,0.000000,0.000000,0.000000,0.000000,0.000000,0.000000
Left eye
	x : 0.000000,0.000000,0.000000,0.000000,0.000000,0.000000,0.000000,0.000000,0.000000
	y : 0.000000,0.000000,0.000000,0.000000,0.000000,0.000000,0.000000,0.000000,0.000000
Saved Coefficients
Right eye
	x : 0.000000,0.000000,0.000000,0.000000,0.000000,0.000000,0.000000,0.000003,0.000000
	y : 0.000000,0.000000,0.000000,0.000000,0.000000,0.000000,0.000000,0.000000,0.000000
Left eye
	x : 0.000000,0.000000,0.000003,0.000000,0.000000,0.000000,0.000000,0.000000,0.000000
	y : 0.000000,0.000000,0.000000,0.000000,0.000000,0.000000,0.000000,0.000000,0.000000
Saved Coefficients
Right eye
	x : 0.000000,0.000000,0.000000,0.000000,0.000000,0.000000,0.000000,0.000000,0.000000
	y : 0.000000,0.000000,0.000000,0.000000,0.000000,0.000000,0.000000,0.000000,0.000000
Left eye
	x : 0.000000,0.000000,0.000000,0.000000,0.000000,0.000000,0.000000,0.000000,0.000000
	y : 0.000000,-nan,0.000000,0.000000,0.000000,0.000000,0.000000,0.000000,0.000000
Saved Coefficients
Right eye
	x : 0.000000,0.000000,0.000000,0.000000,0.000000,0.000000,0.000000,0.000003,0.000000
	y : 0.000000,0.000000,0.000000,0.000000,0.000000,0.000000,0.000000,0.000000,0.000000
Left eye
	x : 0.000000,0.000000,0.000003,0.000000,0.000000,0.000000,0.000000,0.000000,0.000000
	y : 0.000000,0.000000,0.000000,0.000000,0.000000,0.000000,0.000000,0.000000,0.000000
Saved Coefficients
Right eye
	x : 0.000000,0.000000,0.000000,0.000000,0.000000,0.000000,0.000000,0.000003,0.000000
	y : 0.000000,0.000000,0.000000,0.000000,0.000000,0.000000,0.000000,0.000000,0.000000
Left eye
	x : 0.000000,0.000000,0.000003,0.000000,0.000000,0.000000,0.000000,0.000000,0.000000
	y : 0.000000,0.000000,0.000000,0.000000,0.000000,0.000000,0.000000,0.000000,0.000000
Saved Coefficients
Right eye
	x : 0.000000,0.000000,0.000000,0.000000,0.000000,0.000000,0.000000,0.000000,0.000000
	y : 0.000000,0.000000,0.000000,0.000000,0.000000,0.000000,0.000000,0.000000,0.000000
Left eye
	x : 0.000000,0.000000,0.000000,0.000000,0.000000,0.000000,0.000000,0.000000,0.000000
	y : 0.000000,0.000000,0.000000,0.000000,0.000000,0.000000,0.000000,0.000000,0.000000
Saved Coefficients
Right eye
	x : 0.000000,0.000000,0.000000,0.000000,0.000000,0.000000,0.000000,0.000000,0.000000
	y : 0.000000,0.000000,0.000000,0.000000,0.000000,0.000000,0.000000,0.000000,0.000000
Left eye
	x : 0.000000,0.000000,0.000000,0.000000,0.000000,0.000000,0.000000,0.000000,0.000000
	y : 0.000000,-nan,0.000000,0.000000,0.000000,0.000000,0.000000,0.000000,0.000000
Saved Coefficients
Right eye
	x : 0.000000,0.000000,0.000000,0.000000,0.000000,0.000000,0.000000,0.000000,0.000000
	y : 0.000000,0.000000,0.000000,0.000000,0.000000,0.000000,0.000000,0.000000,0.000000
Left eye
	x : 0.000000,0.000000,0.000000,0.000000,0.000000,0.000000,0.000000,0.000000,0.000000
	y : 0.000000,0.000000,0.000000,0.000000,0.000000,0.000000,0.000000,0.000000,0.000000
Saved Coefficients
Right eye
	x : 0.000000,0.000000,0.000000,0.000000,0.000000,0.000000,0.000000,0.000000,0.000000
	y : 0.000000,0.000000,0.000000,0.000000,0.000000,0.000000,0.000000,0.000000,0.000000
Left eye
	x : 0.000000,0.000000,0.000000,0.000000,0.000000,0.000000,0.000000,0.000000,0.000000
	y : 0.000000,0.000000,0.000000,0.000000,0.000000,0.000000,0.000000,0.000000,0.000000
Saved Coefficients
Right eye
	x : 0.000000,0.000000,0.000000,0.000000,0.000000,0.000000,0.000000,0.000000,0.000000
	y : 0.000000,0.000000,0.000000,0.000000,0.000000,0.000000,0.000000,0.000000,0.000000
Left eye
	x : 0.000000,0.000000,0.000000,0.000000,0.000000,0.000000,0.000000,0.000000,0.000000
	y : 0.000000,0.000000,0.000000,0.000000,0.000000,0.000000,0.000000,0.000000,0.000000
Saved Coefficients
Right eye
	x : 0.000000,0.000000,0.000000,0.000000,0.000000,0.000000,0.000000,0.000000,0.000000
	y : 0.000000,0.000000,0.000000,0.000000,0.000000,0.000000,0.000000,0.000000,0.000000
Left eye
	x : 0.000000,0.000000,0.000000,0.000000,0.000000,0.000000,0.000000,0.000000,0.000000
	y : 0.000000,0.000000,0.000000,0.000000,0.000000,0.000000,0.000000,0.000000,0.000000
Saved Coefficients
Right eye
	x : 0.000000,0.000000,0.000000,0.000000,0.000000,0.000000,0.000000,0.000000,0.000000
	y : 0.000000,0.000000,0.000000,0.000000,0.000000,0.000000,0.000000,0.000000,0.000000
Left eye
	x : 0.000000,0.000000,0.000000,0.000000,0.000000,0.000000,0.000000,0.000000,0.000000
	y : 0.000000,-nan,0.000000,0.000000,0.000000,0.000000,0.000000,0.000000,0.000000
Saved Coefficients
Right eye
	x : 0.000000,0.000000,0.000000,0.000000,0.000000,0.000000,0.000000,0.000000,0.000000
	y : 0.000000,0.000000,0.000000,0.000000,0.000000,0.000000,0.000000,0.000000,0.000000
Left eye
	x : 0.000000,0.000000,0.000000,0.000000,0.000000,0.000000,0.000000,0.000000,0.000000
	y : 0.000000,0.000000,0.000000,0.000000,0.000000,0.000000,0.000000,0.000000,0.000000
Saved Coefficients
Right eye
	x : 0.000000,0.000000,0.000000,0.000000,0.000000,0.000000,0.000000,0.000000,0.000000
	y : 0.000000,0.000000,0.000000,0.000000,0.000000,0.000000,0.000000,0.000000,0.000000
Left eye
	x : 0.000000,0.000000,0.000000,0.000000,0.000000,0.000000,0.000000,0.000000,0.000000
	y : 0.000000,0.000000,0.000000,0.000000,0.000000,0.000000,0.000000,0.000000,0.000000
Saved Coefficients
Right eye
	x : 0.000000,0.000000,0.000000,0.000000,0.000000,0.000000,0.000000,0.000000,0.000000
	y : 0.000000,0.000000,0.000000,0.000000,0.000000,0.000000,0.000000,0.000000,0.000000
Left eye
	x : 0.000000,0.000000,0.000000,0.000000,0.000000,0.000000,0.000000,0.000000,0.000000
	y : 0.000000,-nan,0.000000,0.000000,0.000000,0.000000,0.000000,0.000000,0.000000
Saved Coefficients
Right eye
	x : 0.000000,0.000000,0.000000,0.000000,0.000000,0.000000,0.000000,0.000000,0.000000
	y : 0.000000,0.000000,0.000000,0.000000,0.000000,0.000000,0.000000,0.000000,0.000000
Left eye
	x : 0.000000,0.000000,0.000000,0.000000,0.000000,0.000000,0.000000,0.000000,0.000000
	y : 0.000000,0.000000,0.000000,0.000000,0.000000,0.000000,0.000000,0.000000,0.000000
Saved Coefficients
Right eye
	x : 0.000000,0.000000,0.000000,0.000000,0.000000,0.000000,0.000000,0.000000,0.000000
	y : 0.000000,0.000000,0.000000,0.000000,0.000000,0.000000,0.000000,0.000000,0.000000
Left eye
	x : 0.000000,0.000000,0.000000,0.000000,0.000000,0.000000,0.000000,0.000000,0.000000
	y : 0.000000,0.000000,0.000000,0.000000,0.000000,0.000000,0.000000,0.000000,0.000000