
Saved Coefficients
Right eye
	x : -483.243331,-29.999154,89.267129,6.005550,-3.426977,0.000000,0.000000,-0.567381,0.017011
	y : 867.543315,0.000000,-135.391725,-3.373438,4.188124,0.055975,0.000000,0.402488,-0.012670
Left eye
	x : -569.808052,-11.538515,90.902236,3.873927,-3.336358,0.000000,0.000000,-0.364459,0.009641
	y : 950.840886,10.724779,-148.295305,-3.484759,4.607448,0.000000,0.000000,0.355948,-0.009015
Saved Coefficients
Right eye
	x : 265.303711,-50.774577,0.000000,5.696081,-0.927487,-0.052945,0.000000,-0.270401,0.008697
	y : 224.182577,10.317305,-60.531339,-1.947145,2.347953,0.000000,0.000000,0.177035,-0.004314
Left eye
	x : 282.595859,-44.133597,0.000000,4.200041,-0.877707,-0.044972,0.000000,-0.137088,0.003945
	y : 232.645454,11.407931,-62.034800,-1.979231,2.284941,0.000000,0.000000,0.180697,-0.004526
Saved Coefficients
Right eye
	x : 241.459187,25.384029,0.000000,6.313291,-0.772109,0.479514,0.000000,-2.207745,0.069459
	y : 432.847492,0.000000,-78.170014,-8.208752,2.814759,0.074161,0.000000,1.013949,-0.032631
Left eye
	x : -678.352938,8.714907,87.270162,10.766250,-3.056076,0.000000,0.000000,-1.219000,0.031738
	y : 521.971723,12.431329,-89.687155,-7.501168,3.123510,0.000000,0.000000,0.783349,-0.019831
Saved Coefficients
Right eye
	x : 300.000000,-0.000000,0.000000,0.000000,0.000000,0.000000,0.000000,0.000000,0.000000
	y : -56.563578,0.000000,-0.000000,0.000000,0.000000,0.031250,0.000000,0.000000,0.000000
Left eye
	x : 300.000000,-0.000000,0.000000,0.000000,0.000000,0.000000,-0.000000,0.000000,0.000000
	y : 175.000000,0.000000,-0.000000,0.000000,0.000000,0.000000,0.000000,0.000000,0.000000
Saved Coefficients
Right eye
	x : 278.856989,112.335075,-13.763882,-17.734244,0.000000,0.616378,-0.644014,0.000000,0.003829
	y : -51.701615,-20.811281,-15.337003,0.000000,1.009843,0.041979,0.000000,0.061717,-0.001572
Left eye
	x : -105.637820,79.964001,0.000000,-10.920528,-0.686497,0.291273,3.780597,0.000000,-0.003488
	y : 271.177838,0.000000,-59.050978,-3.615369,2.408711,0.000000,-0.495010,0.414618,-0.010176
Saved Coefficients
Right eye
	x : -312.411374,-45.974991,38.717344,8.329683,-1.723810,-0.250250,0.000000,0.000000,0.000795
	y : 443.972989,-75.566086,-75.289737,0.000000,2.417054,-0.156043,8.304409,0.000000,-0.001963
Left eye
	x : 114.281628,-34.113190,0.000000,6.003901,-0.788448,-0.108975,0.000000,-0.171294,0.005232
	y : 790.463338,8.356306,-120.278809,-6.152500,3.765778,0.000000,0.000000,0.632404,-0.015402
Saved Coefficients
Right eye
	x : -257.415554,-16.895572,39.920997,8.010113,-1.719267,0.000000,0.000000,-0.761861,0.021825
	y : 557.405314,0.000000,-88.459452,-5.215151,2.780144,0.064029,0.000000,0.576106,-0.017296
Left eye
	x : -642.981204,-4.389356,90.277301,6.555987,-3.177770,0.000000,0.000000,-0.658889,0.016944
	y : 807.016644,12.269885,-124.270042,-5.710694,3.894424,0.000000,0.000000,0.568868,-0.014004
Saved Coefficients
Right eye
	x : -154.845118,46.924729,-3.288243,0.068367,0.000000,-0.007411,-0.405765,0.000000,0.000297
	y : -782.784821,0.000000,49.039120,0.000000,-0.301287,0.016590,-0.268202,0.018578,-0.000723
Left eye
	x : -255.151867,47.758818,-4.695128,-0.192434,0.100263,0.000000,-0.461695,0.004080,0.000000
	y : -890.010323,-4.075880,62.677650,0.145895,-0.749957,0.000000,0.115043,-0.004996,0.000000
Saved Coefficients
Right eye
	x : -111.940542,47.582377,-7.466007,-0.199466,0.111760,0.000000,-0.467134,0.012841,0.000000
	y : -792.878373,0.000000,52.518423,0.161921,-0.390412,0.019256,-0.313692,0.000000,-0.000225
Left eye
	x : -246.831835,46.595850,-3.772397,-0.195508,0.074466,0.000000,-0.427206,0.004279,0.000000
	y : -804.488338,0.000000,51.016577,0.000000,-0.357812,0.025675,-0.591249,0.026544,-0.001237
Saved Coefficients
Right eye
	x : -151.953903,48.887224,0.000000,0.000000,-0.076345,-0.002795,-0.480936,-0.012401,0.000745
	y : -881.484714,5.871144,59.098064,0.026090,-0.551569,0.019467,-0.603115,0.000000,0.000000
Left eye
	x : -563.348745,41.993420,28.306213,0.502056,-0.720773,0.000000,0.000000,-0.066966,0.001343
	y : 275.336029,0.000000,-82.835690,-2.700564,3.466873,-0.228283,3.748574,0.178432,0.000000
Saved Coefficients
Right eye
	x : -117.189641,47.364189,-4.996440,0.000000,0.022320,-0.005357,-0.388277,0.000000,0.000406
	y : -778.363249,0.000000,46.484515,0.000000,-0.169823,0.020669,-0.332057,0.036921,-0.001567
Left eye
	x : -231.758148,44.214440,-6.660904,-0.057254,0.134290,0.000000,-0.309332,0.000000,-0.000040
	y : -871.351253,-4.390671,59.318959,0.166702,-0.663984,0.000000,0.116316,0.000000,-0.000159
Saved Coefficients
Right eye
	x : -162.702977,47.863315,0.000000,-0.065316,-0.095245,-0.004379,-0.436024,0.000000,0.000434
	y : -786.960264,0.000000,48.743995,0.000000,-0.256130,0.018765,-0.282805,0.026318,-0.001119
Left eye
	x : -248.805307,45.120420,-4.440940,-0.114692,0.089355,0.000000,-0.363561,0.001753,0.000000
	y : -868.821310,-4.727480,60.383568,0.227778,-0.698813,0.000000,0.135193,-0.007245,0.000000
Saved Coefficients
Right eye
	x : -581.206251,42.059624,52.694002,1.704245,-1.612560,0.000000,0.000000,-0.214471,0.005856
	y : 295.109783,0.000000,-89.048104,-3.811982,3.714019,-0.010576,0.000000,0.490828,-0.013141
Left eye
	x : -248.505365,44.452353,-2.149298,-0.393859,0.000000,0.008567,-0.190460,0.000000,-0.000060
	y : -868.463702,-4.024302,59.024353,0.119479,-0.617361,-0.008976,0.238954,0.000000,0.000000
Saved Coefficients
Right eye
	x : -576.158223,41.387933,50.546375,1.691074,-1.525897,0.000000,0.000000,-0.199082,0.005235
	y : 282.839074,0.000000,-85.770209,-3.610225,3.599407,-0.011960,0.000000,0.463351,-0.012291
Left eye
	x : -276.580622,42.745548,-1.637900,-0.182701,0.000000,0.003440,-0.144872,0.000000,-0.000102
	y : -812.539262,-3.573912,51.823761,0.000000,-0.436892,-0.015909,0.356461,0.006538,0.000000
Saved Coefficients
Right eye
	x : -169.622205,47.580809,0.000000,0.000000,-0.096001,-0.005357,-0.418018,-0.004733,0.000546
	y : -665.474571,0.000000,38.196450,-0.626000,0.000000,0.014720,-0.151350,0.101454,-0.003245
Left eye
	x : -264.524352,46.316594,-0.969101,-0.201086,0.000000,-0.001485,-0.407472,0.006099,0.000000
	y : -796.089562,-0.408589,56.639252,-0.277168,-0.642680,0.000000,0.000000,0.030820,-0.000693
Saved Coefficients
Right eye
	x : -149.486270,46.323214,-3.268939,0.128345,0.000000,0.000000,-0.433637,-0.016884,0.000665
	y : -800.426903,0.000000,52.842721,0.000000,-0.386198,0.013725,-0.149799,0.017592,-0.000736
Left eye
	x : -286.163878,45.071929,-0.566357,0.000000,0.000000,-0.005314,-0.367669,0.004763,-0.000034
	y : -880.775920,-4.249636,61.304434,0.220134,-0.710326,0.000000,0.119337,-0.007657,0.000000
Saved Coefficients
Right eye
	x : -156.226268,47.447816,-3.096273,-0.112106,0.000000,-0.004217,-0.442215,0.011943,0.000000
	y : -814.027567,0.000000,53.219877,0.000000,-0.408985,0.017419,-0.286875,0.019873,-0.000786
Left eye
	x : -281.655200,47.528536,-0.397812,-0.092237,0.000000,-0.004808,-0.450201,0.005155,0.000000
	y : -794.564569,0.000000,49.091971,0.000000,-0.305929,0.027783,-0.670237,0.030852,-0.001346
Saved Coefficients
Right eye
	x : -85.496096,47.937103,-8.976334,-0.322149,0.132075,0.000000,-0.463400,0.018197,0.000000
	y : -811.708602,7.766991,55.138687,0.000000,-0.496284,0.032267,-0.985122,0.003630,0.000000
Left eye
	x : -284.182633,46.827514,0.000000,-0.083973,-0.019505,-0.005808,-0.409830,0.005413,0.000000
	y : -799.886233,0.000000,48.757934,0.000000,-0.305055,0.024851,-0.592058,0.027952,-0.001219
Saved Coefficients
Right eye
	x : -591.215619,44.276120,50.365783,1.514916,-1.519872,0.000000,0.000000,-0.207517,0.005782
	y : 164.130834,-64.873671,-74.639122,0.000000,3.272369,-0.263210,8.687280,0.000000,0.000887
Left eye
	x : -259.612044,44.428045,-2.822964,-0.068329,0.057628,-0.000949,-0.309194,0.000000,0.000000
	y : -892.606021,-4.002455,61.628541,0.303688,-0.714375,0.002892,0.000000,-0.009470,0.000000
Saved Coefficients
Right eye
	x : -199.569608,-0.000000,0.000000,0.000000,0.000000,0.000000,0.000000,0.125000,0.000000
	y : 0.000000,0.000000,0.000000,0.000000,0.000000,0.000000,0.000000,0.000000,0.000000
Left eye
	x : 0.000000,0.000000,0.000000,0.000000,0.000000,0.000000,0.000000,0.000000,0.000000
	y : 175.000000,0.000000,0.000000,-0.000000,0.000000,0.000000,0.000000,0.000000,0.000000
Saved Coefficients
Right eye
	x : -543.829314,49.783975,42.233763,0.149477,-1.192423,0.000000,-0.866127,0.000000,0.000460
	y : -54.389030,0.000000,-38.042143,-2.269081,2.018653,0.021604,0.000000,0.278489,-0.008222
Left eye
	x : -268.877345,44.476683,-1.789372,-0.075542,0.036675,0.000000,-0.323657,-0.001013,0.000000
	y : -917.970214,-5.110549,64.085480,0.236912,-0.772083,0.000000,0.138658,-0.007435,0.000000
Saved Coefficients
Right eye
	x : -281.472222,21.355330,0.000000,0.000000,0.000000,0.000000,0.000000,0.080357,0.000000
	y : 175.000000,0.000000,-0.000000,0.000000,0.000000,0.000000,0.000000,0.000000,0.000000
Left eye
	x : -444.073245,35.831353,5.821726,0.000000,0.000000,0.000000,0.000000,0.000000,0.000000
	y : 175.000000,-0.000000,0.000000,0.000000,0.000000,0.000000,0.000000,0.000000,0.000000
Saved Coefficients
Right eye
	x : -552.977295,55.952669,42.469671,0.000000,-1.242562,-0.013186,-0.983402,0.000000,0.001102
	y : -57.508215,0.000000,-37.869114,-2.281245,2.043024,0.023527,0.000000,0.277610,-0.008364
Left eye
	x : -273.918277,46.111196,-0.633123,-0.291717,0.000000,0.000000,-0.399252,0.013963,-0.000211
	y : -929.321974,-4.152557,64.455607,0.203376,-0.773339,0.000000,0.113717,-0.006675,0.000000
Saved Coefficients
Right eye
	x : -223.287632,38.340311,0.000000,0.000000,0.000000,0.000000,0.000000,0.000000,0.000000
	y : -743.198718,0.000000,42.437740,0.000000,0.000000,0.000000,0.000000,0.000000,0.000000
Left eye
	x : -291.228938,35.263165,0.000000,0.000000,0.000000,0.000000,0.000000,0.000000,0.000000
	y : -743.103223,0.000000,38.744032,0.000000,0.000000,0.000000,0.000000,0.000000,0.000000
Saved Coefficients
Right eye
	x : -223.287632,38.340311,0.000000,0.000000,0.000000,0.000000,0.000000,0.000000,0.000000
	y : -743.198718,0.000000,42.437740,0.000000,0.000000,0.000000,0.000000,0.000000,0.000000
Left eye
	x : -291.228938,35.263165,0.000000,0.000000,0.000000,0.000000,0.000000,0.000000,0.000000
	y : -743.103223,0.000000,38.744032,0.000000,0.000000,0.000000,0.000000,0.000000,0.000000
Saved Coefficients
Right eye
	x : -35.237014,46.291083,-17.697072,-0.257306,0.364557,0.000000,-0.339897,0.012188,0.000000
	y : -925.333333,6.584291,66.511093,0.082760,-0.766866,0.030033,-0.948561,0.000000,0.000000
Left eye
	x : -276.686863,46.769362,-0.899091,-0.357821,0.000000,0.000000,-0.422077,0.020510,-0.000336
	y : -809.900080,0.000000,48.884576,0.000000,-0.313087,0.025718,-0.624990,0.029461,-0.001259