
Saved Coefficients
Right eye
	x : -328.669868,38.439147,0.000000,0.000000,-0.036494,0.002017,-0.095991,-0.008838,0.000233
	y : -906.007766,0.000000,37.818532,-0.103384,0.000000,0.010390,-0.344142,0.021484,-0.000534
Left eye
	x : -473.155199,37.875397,7.818521,0.000000,-0.187990,0.000000,-0.046562,-0.007918,0.000159
	y : -894.487028,0.000000,37.629667,0.017145,0.000000,0.011819,-0.473938,0.014155,-0.000410
Saved Coefficients
Right eye
	x : -323.213785,44.863961,0.000000,0.165459,0.006369,-0.013854,-0.348329,0.007772,0.000000
	y : -725.370293,0.000000,48.762589,0.000000,-0.373226,0.016994,-0.399546,0.006418,-0.000255
Left eye
	x : -634.828044,46.723861,0.000000,-0.805666,-0.069598,0.014442,0.217996,-0.007081,0.000000
	y : -739.935079,-2.828308,27.353990,0.000000,0.398173,-0.026053,0.468282,0.000000,0.000231
Saved Coefficients
Right eye
	x : 0.000000,0.000000,0.000000,0.000000,0.000000,0.000000,0.000000,0.000000,0.000000
	y : 0.000000,0.000000,0.000000,0.000000,0.000000,0.000000,0.000000,0.000000,0.000000
Left eye
	x : 0.000000,0.000000,0.000000,0.000000,0.000000,0.000000,0.000000,0.000000,0.000000
	y : 0.000000,0.000000,0.000000,0.000000,0.000000,0.000000,0.000000,0.000000,0.000000
Saved Coefficients
Right eye
	x : 0.000000,0.000000,0.000000,0.000000,0.000000,0.000000,0.000000,0.000000,0.000000
	y : 0.000000,0.000000,0.000000,0.000000,0.000000,0.000000,0.000000,0.000000,0.000000
Left eye
	x : 0.000000,0.000000,0.000000,0.000000,0.000000,0.000000,0.000000,0.000000,0.000000
	y : 0.000000,0.000000,0.000000,0.000000,0.000000,0.000000,0.000000,0.000000,0.000000
Saved Coefficients
Right eye
	x : 0.000000,0.000000,0.000000,0.000000,0.000000,0.000000,0.000000,0.000000,0.000000
	y : 0.000000,0.000000,0.000000,0.000000,0.000000,0.000000,0.000000,0.000000,0.000000
Left eye
	x : 0.000000,0.000000,0.000000,0.000000,0.000000,0.000000,0.000000,0.000000,0.000000
	y : 0.000000,0.000000,0.000000,0.000000,0.000000,0.000000,0.000000,0.000000,0.000000
Saved Coefficients
Right eye
	x : -509.119216,42.879523,0.000000,0.000000,-0.013797,0.005427,-0.077939,-0.024183,0.000540
	y : -875.314051,2.100956,52.804390,0.000000,-0.357128,0.005494,-0.278613,0.002355,0.000000
Left eye
	x : -461.798886,46.870563,-2.497722,-0.392685,0.103882,0.009091,-0.263329,0.000000,0.000000
	y : -776.145866,-4.346606,43.382542,0.000000,-0.128892,0.002387,0.000000,0.013989,-0.000462
Saved Coefficients
Right eye
	x : -509.119216,42.879523,0.000000,0.000000,-0.013797,0.005427,-0.077939,-0.024183,0.000540
	y : -875.314051,2.100956,52.804390,0.000000,-0.357128,0.005494,-0.278613,0.002355,0.000000
Left eye
	x : -461.798886,46.870563,-2.497722,-0.392685,0.103882,0.009091,-0.263329,0.000000,0.000000
	y : -776.145866,-4.346606,43.382542,0.000000,-0.128892,0.002387,0.000000,0.013989,-0.000462
Saved Coefficients
Right eye
	x : 300.000000,-0.000000,0.000000,0.000000,0.000000,0.000000,0.000000,0.000000,0.000000
	y : 175.000000,0.000000,-0.000000,0.000000,0.000000,0.000000,0.000000,0.000000,0.000000
Left eye
	x : 300.000000,0.000000,0.000000,0.000000,0.000000,0.000000,0.000000,0.000000,0.000000
	y : 175.000000,0.000000,-0.000000,0.000000,0.000000,0.000000,0.000000,0.000000,0.000000
Saved Coefficients
Right eye
	x : -484.252310,36.478580,0.000000,0.156465,-0.062090,0.000000,0.130744,-0.012241,0.000240
	y : -790.746720,0.000000,42.677928,0.000000,-0.091845,0.006358,-0.289272,0.007907,-0.000105
Left eye
	x : -512.405176,39.102501,3.139974,0.139989,-0.056016,-0.002381,0.000000,-0.005456,0.000000
	y : -766.373090,-3.977954,40.384861,0.000000,0.000000,0.005075,-0.194785,0.018289,-0.000503
Saved Coefficients
Right eye
	x : -484.252310,36.478580,0.000000,0.156465,-0.062090,0.000000,0.130744,-0.012241,0.000240
	y : -790.746720,0.000000,42.677928,0.000000,-0.091845,0.006358,-0.289272,0.007907,-0.000105
Left eye
	x : -512.405176,39.102501,3.139974,0.139989,-0.056016,-0.002381,0.000000,-0.005456,0.000000
	y : -766.373090,-3.977954,40.384861,0.000000,0.000000,0.005075,-0.194785,0.018289,-0.000503
Saved Coefficients
Right eye
	x : -347.625586,38.388545,0.000000,0.000000,-0.238193,0.000000,0.000000,0.000000,0.000000
	y : 175.000000,0.000000,0.000000,0.000000,0.000000,0.000000,0.000000,0.000000,0.000000
Left eye
	x : -453.007297,0.089797,0.000000,0.000000,0.000000,0.000000,1.472973,0.000000,0.000000
	y : 175.000000,-0.000000,0.000000,0.000000,0.000000,0.000000,0.000000,0.000000,0.000000
Saved Coefficients
Right eye
	x : -494.967304,39.772594,0.000000,0.060983,-0.015493,0.001737,0.000000,-0.012612,0.000215
	y : -750.797339,0.456372,39.152330,-0.106761,0.000000,0.000000,-0.168601,0.015364,-0.000240
Left eye
	x : -497.490414,42.345021,1.671719,-0.133927,0.000000,0.000000,-0.114769,0.006015,-0.000180
	y : -750.964413,-6.365997,37.977770,0.093448,0.056472,0.000000,0.000000,0.014549,-0.000456
Saved Coefficients
Right eye
	x : -494.967304,39.772594,0.000000,0.060983,-0.015493,0.001737,0.000000,-0.012612,0.000215
	y : -750.797339,0.456372,39.152330,-0.106761,0.000000,0.000000,-0.168601,0.015364,-0.000240
Left eye
	x : -497.490414,42.345021,1.671719,-0.133927,0.000000,0.000000,-0.114769,0.006015,-0.000180
	y : -750.964413,-6.365997,37.977770,0.093448,0.056472,0.000000,0.000000,0.014549,-0.000456
Saved Coefficients
Right eye
	x : -481.868351,36.271953,0.000000,0.000000,0.000000,0.000000,0.000000,0.000000,0.000000
	y : -735.033803,0.000000,37.654065,0.000000,0.000000,0.000000,0.000000,0.000000,0.000000
Left eye
	x : -451.405070,36.916587,0.000000,0.000000,0.000000,0.000000,0.000000,0.000000,0.000000
	y : -729.961470,0.000000,36.803064,0.000000,0.000000,0.000000,0.000000,0.000000,0.000000
Saved Coefficients
Right eye
	x : -481.868351,36.271953,0.000000,0.000000,0.000000,0.000000,0.000000,0.000000,0.000000
	y : -735.033803,0.000000,37.654065,0.000000,0.000000,0.000000,0.000000,0.000000,0.000000
Left eye
	x : -451.405070,36.916587,0.000000,0.000000,0.000000,0.000000,0.000000,0.000000,0.000000
	y : -729.961470,0.000000,36.803064,0.000000,0.000000,0.000000,0.000000,0.000000,0.000000
Saved Coefficients
Right eye
	x : -599.373109,42.694132,12.141584,0.000000,-0.366695,0.006358,0.000000,-0.035442,0.000884
	y : -748.931088,0.000000,40.757706,-0.062699,-0.072835,0.000000,-0.094098,0.010632,-0.000210
Left eye
	x : -520.720980,42.967049,4.717286,-0.264867,-0.103709,0.006777,0.000000,-0.005307,0.000000
	y : -736.835511,0.000000,39.094472,-0.165420,0.000000,0.015485,-0.603558,0.039941,-0.001128
Saved Coefficients
Right eye
	x : -326.932257,34.010535,3.422727,0.148677,-0.130670,0.000000,0.220034,-0.009753,0.000000
	y : -712.913449,-6.697444,27.793540,0.000000,0.221369,-0.014161,0.520989,0.005864,0.000000
Left eye
	x : -408.618915,37.248619,0.000000,-0.045295,-0.020909,0.002289,0.107688,-0.007533,0.000000
	y : -831.414326,-6.140491,38.264803,0.137248,0.000000,-0.008483,0.346794,-0.003654,0.000000
Saved Coefficients
Right eye
	x : -342.439740,-8.276503,56.879320,10.349443,-2.536832,0.000000,0.000000,-1.117533,0.034255
	y : 773.555105,0.000000,-125.254766,-9.256389,4.245832,0.061139,0.000000,1.099080,-0.033487
Left eye
	x : 103.305923,24.953412,0.000000,1.899822,-0.715803,0.000000,-1.957133,-0.193710,0.008359
	y : 668.751260,0.000000,-97.236169,-5.748236,2.854801,0.058629,0.000000,0.603366,-0.017066